2	565874054	7dd3f953375ba4a7467fe8de442317e1	1
2	565874055	ed90bacd3f1ff58c1b4f47cf03ec302c	1
2	565874056	3dccd2363209d6f4693b170ddf469f18	1
2	565874057	e25a9fe37e781e6a809dc95cd0eb7d30	1
2	565874058	a213edd8bd11750804d304d53a085fd7	1
2	565874059	d80467ae1d0db8e0f6a6b9afe924d8db	1
2	565874060	348e87749669780fea68732c847951e1	1
2	565874061	ca0bb35aafda1dbad3a20daf185e0133	1
2	565874062	5660a6b511a6162318a52f01c7ecff32	1
2	565874063	0033bf07e2fcd4df510560ae609045e2	1
2	565874064	004d5fa3f6ca84b2197124034c6384ea	1
2	565874065	9b0a5be07c54a3edafaab24d1bd165ea	1
2	565874066	92fbe0f0384ded81cd146b2d015d281d	1
2	565874067	b625b4b455e2eafe841c28081b3a7cba	1
2	565874068	eacfc88faeaf3aa8ebe530aa1c418912	1
2	565874069	0bcfa7536d1bb180649c4a0e37d6bf07	1
2	565874070	5b35fdf810edb4c9f8a31e2400b50e4f	1
2	565874071	de0b3f4ffec2cd6d36f4b597ef23280b	1
2	565874072	a0683ab49fcf05b628be2c435a208808	1
2	565874073	7e1001c5648b36d9fc3c115ebb5529f1	1
2	565874074	3e1afc56a121625c0817e80e992940df	1
2	565874075	7beb2e9093dc8fc095c50933778a7508	1
2	565874076	3ef1b63a0297a26911edd11cd8d6f601	1
2	565874077	75a1a141e73309df2ff574ff0e3d730c	1
2	565874078	649f49d5bcd80df0b9ff197f72363173	1
2	565874079	b14bcd7a60d070e8e2035fa28e896a3f	1
2	565874080	6de0464d4c9b071771af8e6d77ef9b59	1
2	565874081	f3e004ef23cc5bb47d1e78d2c25f5a06	1
2	565874082	89f1e07a44437f99636a53c0423a0601	1
2	565874083	a4159e87f11b6ebd9b7959f4506e64c6	1
2	565874084	c2e954ec1d95f8ab6fc608a6c85977f4	1
2	565874085	0993ba73dfda82662e5753dc1bdd5c92	1
